0.0	3.58299994469
0.791000127792	4.06299996376
0.996000051498	4.43000006676
1.68099999428	3.74500012398
3.47300004959	3.65899991989
3.9960000515	3.50709066076
4.46799993515	2.46828540704
5.34599995613	5.23300004005
6.01900005341	5.66199994087
6.01999998093	5.30500006676
6.72399997711	5.51699995995
7.13000011444	6.05900001526
7.52600002289	7.30200004578
8.19600009918	7.2389998436
9.26600003242	5.56299996376
10.5759999752	6.6289999485
10.5780000687	7.94000005722
11.3240001202	1.51958298324
11.3250000477	7.33999991417
11.6800000668	7.52300000191
11.6819999218	7.60000014305
12.3459999561	7.66499996185
13.0669999123	7.39700007439
14.0020000935	5.3252280616
14.8289999962	12.5599999428
15.4340000153	8.507999897
15.6159999371	7.68300008774
15.6619999409	8.28100013733
16.0160000324	7.30500006676
17.9349999428	10.2290000916
19.2820000648	12.236000061
19.2980000973	12.6289999485
19.628000021	13.8680000305
20.0150001049	10.1991387967
20.4630000591	13.7049999237
20.4709999561	14.1879999638
21.1800000668	9.9910154409
22.4830000401	13.996999979
22.4879999161	13.4470000267
22.4909999371	14.9620001316
22.4930000305	14.631000042
22.5629999638	15.2180001736
23.2980000973	14.4800000191
25.7940001488	15.5279998779
27.388999939	17.9580001831
27.4030001163	18.5269999504
27.4060001373	18.8409998417
27.7520000935	18.1789999008
28.1640000343	17.4119999409
28.2149999142	3.46454071076
28.2190001011	18.0290000439
29.3389999866	16.9079999924
30.5480000973	16.1569998264
30.9060001373	20.0099999905
31.2950000763	16.8959999084
31.867000103	16.3149998188
32.4049999714	15.7290000916
33.2339999676	17.3410000801
33.6879999638	16.8890001774
34.1679999828	22.8989999294
34.6700000763	21.9700000286
34.9270000458	22.506000042
36.4809999466	23.8690001965
37.123000145	23.382999897
37.7820000648	22.3699998856
37.8389999866	23.364000082
37.8410000801	8.9216511412
38.5450000763	22.6510000229
38.5480000973	22.0729999542
40.0440001488	21.1509997845
40.2690000534	20.5580000877
40.4319999218	20.7710001469
40.5410001278	19.143999815
41.3570001125	21.1309998035
41.9419999123	14.4913897456
42.1240000725	19.5299999714
42.8280000687	19.6589999199
43.242000103	23.1080000401
43.245000124	2.49124419803
44.3989999294	20.25
45.2049999237	25.5329999924
47.2369999886	26.8170001507
47.239000082	19.4108738785
48.4639999866	26.8059999943
48.8480000496	26.4270000458
49.0720000267	30.736000061
49.498000145	22.1712229398
49.8110001087	31.263999939
50.9170000553	30.7149999142
51.242000103	28.5699999332
51.5650000572	5.03141135314
51.885999918	28.131000042
52.6719999313	28.9620001316
54.8949999809	29.5380001068
54.8980000019	28.5410001278
55.7969999313	22.212784879
57.0629999638	11.7424725356
57.0669999123	31.2440001965
57.4330000877	31.1889998913
57.5009999275	31.1270000935
57.9210000038	11.5056320075
58.1770000458	37.4010000229
58.8930001259	39.5149998665
58.9030001163	44.6840000153
59.5429999828	40.8510000706
61.1970000267	40.8159999847
61.8080000877	40.2000000477
63.0910000801	39.5789999962
63.0929999352	39.2460000515
63.1809999943	45.8650000095
64.1059999466	30.4055113375
64.4700000286	43.5810000896
64.5420000553	46.3480000496
64.6480000019	43.4070000648
64.6510000229	46.7220001221
66.3500001431	44.4909999371
66.3529999256	45.0190000534
66.3550000191	32.1074645076
66.3589999676	44.5299999714
66.370000124	44.1339998245
66.3710000515	30.3392305396
66.371999979	44.6159999371
67.3090000153	7.37702091355
68.5150001049	47.3959999084
69.9609999657	46.9479999542
70.0180001259	49.9079999924
70.3280000687	47.5369999409
72.2430000305	56.0399999619
73.6100001335	54.6679999828
73.6119999886	54.6679999828
74.5320000648	52.7490000725
74.8680000305	53.0699999332
75.6430001259	58.3119997978
75.6500000954	52.7179999352
75.9149999619	58.7190001011
76.0789999962	9.091067461
76.6270000935	9.14931717799
76.6289999485	9.15176325867
77.986000061	58.0239999294
78.6380000114	62.361000061
78.7980000973	62.5069999695
79.992000103	61.0379998684
80.2369999886	65.9260001183
80.239000082	65.9189999104
80.6579999924	66.7680001259
81.6340000629	64.5490000248
83.4379999638	74.121999979
83.4409999847	72.7139999866
83.6080000401	51.7728243873
84.7590000629	71.3999998569
85.4760000706	70.6809999943
85.4779999256	71.7400000095
85.9379999638	70.4820001125
85.9660000801	11.1803510554
86.0	11.2453776894
86.1059999466	69.8790001869
86.9639999866	71.0239999294
87.5650000572	25.4961938749
88.628000021	72.1760001183
89.0859999657	55.2678074565
89.6050000191	73.1010000706
90.3020000458	27.1626238216
90.3099999428	72.3949999809
90.739000082	50.0561174812
90.9279999733	71.7860000134
90.9330000877	71.7779998779
91.2049999237	71.506000042
91.506000042	71.2060000896
91.6770000458	74.3410000801
91.7039999962	71.0020000935
91.7070000172	74.2479999065
92.0280001163	73.9959998131
92.7239999771	73.2970001698
93.3169999123	72.6380000114
94.1370000839	71.888999939
94.3229999542	78.8940000534
95.4249999523	77.9270000458
96.7020001411	76.6509997845
97.2190001011	77.121999979
97.760999918	76.5860002041
98.2100000381	96.9330000877
98.4079999924	96.1740000248
98.4960000515	78.375
98.5369999409	98.4060001373
98.6819999218	103.154000044
99.8600001335	8.71981431104
99.8650000095	101.970000029
100.674000025	100.74000001
101.65199995	114.614000082
101.654999971	114.61500001
102.338000059	112.039000034
103.585000038	115.563999891
103.773999929	115.377000093
104.121999979	118.239000082
104.72300005	115.693000078
105.292999983	117.144999981
106.368000031	118.147000074
106.373000145	113.997999907
107.279999971	117.245000124
107.611999989	116.906000137
108.144000053	116.375
109.046000004	115.479000092
109.048000097	17.8428743171
110.255000114	117.478999853
110.519999981	117.21600008
110.605999947	117.131000042
112.082999945	120.687000036
113.144000053	119.625999928
113.148999929	119.622000217
113.702000141	123.207999945
113.776000023	123.131999969
113.926000118	122.983999968
115.015000105	128.405999899
115.950000048	127.469000101
116.288000107	127.133999825
117.085999966	139.568000078
117.358999968	139.295000076
117.697999954	140.74000001
117.730999947	140.707000017
118.203999996	141.911999941
119.597000122	141.289999962
119.924999952	50.3135937272
121.135999918	139.759000063
121.210000038	139.677999973
121.222000122	139.672999859
121.235000134	139.661000013
121.243000031	139.653000116
121.868000031	11.5881941612
121.93900013	138.958999872
122.263000011	142.046000004
122.269999981	138.626000166
124.183000088	140.126999855
124.529000044	139.930000067
125.809999943	138.501000166
126.009000063	138.30099988
126.980999947	137.328999996
127.10800004	137.201999903
127.266000032	137.137000084
127.937999964	142.541000128
128.282000065	11.1945210502
128.28399992	136.175000191
128.541000128	135.917999983
129.518000126	138.451999903
129.522000074	138.450000048
131.388000011	139.094000101
131.911000013	21.7049723355
132.69900012	138.201999903
133.953999996	134.018000126
135.431999922	11.6821885891
136.559000015	142.598999977
136.677999973	134.230000019
138.617000103	144.508999825
138.812999964	11.7662414368
139.597000122	143.528999805
139.651000023	144.489000082
140.470999956	97.9669553922
141.190000057	161.010999918
141.197999954	146.911000013
141.304000139	146.747999907
141.694000006	160.45600009
143.786000013	163.357000113
143.789000034	163.354000092
144.500999928	162.642000198
145.207999945	166.378000021
146.157999992	58.9485400681
146.163000107	165.666999817
146.164000034	165.41899991
146.166000128	165.67599988
146.549000025	25.1672163814
146.76699996	61.6998599481
147.424999952	164.161000013
147.473999977	166.078000069
148.677000046	166.844000101
148.881999969	166.634000063
149.171000004	166.003000021
149.180999994	165.993999958
150.344000101	165.689999819
150.351000071	164.825000048
150.486999989	165.023999929
152.302999973	166.603000164
152.707999945	163.32400012
153.681999922	59.6875618803
154.361999989	169.041000128
155.230999947	168.175000191
155.656000137	168.518999815
156.250999928	167.924000025
156.782000065	167.394000053
157.559999943	166.616000175
158.203000069	168.261999846
158.944999933	167.519999981
159.811000109	115.272424558
160.947000027	165.517999887
161.22300005	174.446000099
162.245000124	119.497401077
163.424000025	172.305000067
164.444000006	171.285000086
164.487999916	14.2610463371
164.569000006	182.268000126
164.584000111	27.8180732299
164.633000135	68.5033896356
164.986999989	187.719000101
165.042999983	181.799000025
165.125	125.075810016
165.691999912	187.014000177
165.700000048	187.0
165.916000128	186.788999796
166.358999968	186.344000101
167.147000074	194.27699995
167.173000097	130.834300825
167.503000021	195.822999954
168.722000122	194.603999853
168.725000143	192.715999842
169.041000128	192.400999784
169.575999975	129.482718555
169.707000017	193.822999954
171.125	192.396000147
171.131999969	192.386000156
171.453000069	192.063999891
171.462000132	192.051999807
171.983999968	191.548000097
173.177000046	190.415999889
173.207999945	190.328000069
173.332000017	190.20600009
174.27699995	189.258000135
174.296000004	189.240999937
174.302000046	189.237999916
174.302999973	189.24000001
174.528000116	14.8488062331
175.130000114	194.621999979
176.144000053	193.625
176.717000008	193.052000046
178.082999945	197.013000011
178.176000118	134.992730214
178.203999996	207.965000153
178.646000147	207.520999908
178.654999971	144.692982085
178.881000042	143.226685079
179.304000139	206.863999844
180.190999985	206.380000114
180.717999935	205.79700017
181.640000105	204.930999994
181.648999929	204.861000061
181.99000001	73.5882882252
182.039000034	204.532000065
182.361999989	204.154000044
182.367000103	204.203999996
182.730999947	203.840000153
183.265000105	139.661077498
183.601999998	208.10800004
184.763000011	206.947000027
185.204999924	206.610000134
185.976999998	205.838000059
186.452000141	208.66899991
188.595000029	206.526000023
188.604000092	203.484999895
188.963999987	203.125999928
191.371999979	212.962000132
191.430000067	30.8392712192
191.5	74.6779034509
191.815999985	212.522000074
191.947000027	212.391000032
192.384000063	31.0166664687
194.078000069	217.049000025
194.505000114	218.069999933
195.292999983	217.282000065
195.361999989	224.236000061
195.628999949	224.34100008
196.140000105	224.092000008
196.776000023	223.220000029
196.779000044	223.269999981
196.913000107	223.080999851
197.088999987	222.937999964
197.529000044	222.519999981
197.717999935	222.332000017
198.319999933	221.728000164
198.894000053	221.15899992
199.009000063	221.045000076
200.477999926	17.2877851415
200.749000072	219.480999947
201.279000044	218.759000063
201.282999992	218.772000074
201.286999941	153.780125441
201.289000034	218.835000038
201.782000065	218.273999929
202.304000139	217.923999786
202.714999914	217.511000156
202.954999924	220.97300005
203.181999922	218.674000025
203.851999998	216.430999994
204.144000053	219.786000013
204.601000071	215.681999922
204.993000031	218.937000036
205.003000021	218.927000046
206.005000114	217.924999952
206.008000135	217.921999931
206.805000067	233.052999973
207.339999914	17.3404614421
207.713999987	33.4539818675
208.743000031	231.111999989
208.746999979	234.404999971
210.07400012	233.07799983
210.078999996	233.153000116
210.082000017	233.150000095
210.434000015	233.003999949
211.179000139	232.25999999
211.204999924	86.3463501225
211.792000055	241.963999987
211.881000042	241.877000093
211.90899992	164.192479183
213.398999929	251.071000099
214.31400013	243.130999804
214.325999975	250.256999969
214.476999998	251.394999981
214.544000149	18.4776979651
215.74000001	248.845000029
216.423000097	256.109999895
216.618000031	247.96600008
217.176000118	165.063787731
217.256000042	250.467999935
217.288000107	256.131000042
217.289000034	18.3091972558
217.289999962	255.243000031
217.725000143	249.998999834
218.138000011	249.587000132
219.144000053	88.9185093905
219.148000002	248.577000141
219.364000082	248.359999895
219.884000063	252.648999929
220.273000002	177.291655493
221.151000023	253.125999928
221.868999958	252.407999992
222.045000076	253.828000069
222.138999939	253.734000206
223.089999914	252.783000231
223.643000126	254.339999914
223.693000078	168.909568958
223.759000063	253.727999926
224.5	251.38499999
224.513000011	88.6730269815
224.515000105	18.7628811044
224.516000032	88.785247804
225.094000101	252.89199996
225.118000031	252.875
225.325999975	252.730999947
225.786999941	174.876636837
226.22300005	256.993999958
226.400000095	266.539999962
226.821000099	268.421999931
226.825000048	268.447999954
227.357000113	267.931999922
227.720000029	267.450999975
227.940000057	267.345999956
227.943000078	20.2552147932
229.727999926	38.3152088487
229.970000029	265.200999975
230.470999956	264.812000036
230.89199996	264.400000095
230.896000147	272.270999908
231.628999949	271.538000107
231.631000042	271.621999979
232.039999962	271.213000059
233.160000086	270.079999924
233.842999935	269.390000105
235.031000137	268.221999884
236.00999999	267.243000031
236.023999929	267.277000189
236.025000095	267.792999983
236.02699995	267.274000168
236.028000116	267.787999868
236.190000057	267.628999949
236.342999935	267.476999998
236.89199996	266.927999973
237.611999989	266.209000111
238.102999926	266.101999998
238.426000118	265.395999908
239.146000147	265.345999956
239.375	264.811000109
240.212000132	263.993999958
240.526000023	40.2841912168
241.993000031	273.719000101
242.486999989	273.226000071
242.881999969	284.029999971
242.88499999	192.649859638
243.227999926	280.126000166
243.539999962	283.371000051
244.394999981	278.957999945
244.525000095	201.847180509
244.811000109	289.646999836
245.000999928	289.457000017
245.163000107	289.29399991
245.170000076	100.769407342
245.43900013	289.018999815
245.871000051	288.586999893
245.878000021	288.578000069
245.881000042	288.575999975
246.992000103	100.613125913
246.996999979	287.460000038
247.881999969	197.965886699
248.821000099	285.638000011
249.088000059	285.368999958
249.209000111	285.25
249.929000139	284.529999971
251.118000031	283.772000074
253.302000046	287.690000057
253.427000046	281.467000008
255.082000017	285.910000086
255.615999937	293.545000076
255.625	293.535000086
255.628000021	296.351999998
255.717999935	298.968000174
256.071000099	298.628000021
256.380000114	298.362999916
256.383000135	308.155999899
257.131000042	45.0486262962
257.220000029	307.315999985
257.63499999	306.904999971
257.65199995	311.111000061
257.874000072	310.888999939
259.758000135	308.027999878
259.809000015	308.953999996
261.049999952	306.690000057
261.56400013	23.1829751498
262.286000013	306.476999998
263.362999916	305.400000095
263.594000101	305.16899991
263.611000061	302.430999994
263.621999979	305.141000032
264.171000004	304.592000008
264.235000134	304.527999878
264.281000137	43.8519203184
264.286999941	310.794000149
264.299999952	215.56108746
264.404999971	311.526000023
265.539999962	206.97423246
265.86500001	310.066999912
266.867000103	207.631162504
267.25999999	310.113000154
267.263999939	308.667000055
267.762000084	307.319000006
267.964999914	212.768553588
268.462000132	206.556104981
268.592999935	308.781000137
269.380000114	108.194388959
269.644000053	306.287999868
270.467999935	305.463999987
270.891000032	307.434000015
271.414999962	306.320000172
271.423000097	107.00997348
272.180000067	306.145999908
272.403000116	305.922999859
272.773999929	305.552000046
272.897000074	310.384000063
273.351999998	214.111759235
273.726000071	339.885999918
273.827000141	48.7171058944
274.463999987	338.784000158
275.707000017	218.808129869
275.720999956	337.529000044
276.375	336.873000145
276.381000042	340.296999931
276.745000124	24.4202583305
277.271000147	338.701999903
277.680000067	338.289999962
278.927999973	337.101999998
278.934999943	337.743000031
279.475000143	337.203999996
279.873000145	119.263978612
280.624000072	335.402999878
280.881000042	335.15199995
282.322999954	334.355000019
282.328000069	338.795000076
282.398000002	333.578000069
282.812999964	333.210000038
283.115999937	332.919000149
283.118999958	235.711244554
283.545000076	337.575999975
283.646000147	333.03399992
283.86500001	336.207999945
284.337000132	335.736999989
286.878000021	334.611999989
287.907000065	333.582999945
288.028000116	333.914999962
288.036999941	333.940000057
288.328000069	333.649999857
288.335000038	335.864000082
289.805000067	334.39199996
289.809999943	47.0635784291
290.773000002	333.424999952
291.397000074	333.213999987
292.421999931	332.505000114
293.078999996	332.253999949
294.009000063	330.932999849
295.046000004	336.604000092
295.407999992	49.019288382
296.403000116	347.984999895
297.22300005	347.162999868
297.538000107	346.848999977
297.548000097	346.832999945
297.555999994	346.822999954
298.368999958	346.014000177
298.700999975	345.677000046
299.447000027	344.937000036
300.552999973	343.845000029
302.124000072	48.2027337016
302.204999924	342.184000015
303.095000029	119.527401236
303.674000025	340.71600008
306.230000019	118.654938193
306.746999979	337.653000116
306.842999935	337.626000166
307.690999985	235.336465424
308.618999958	335.810000181
309.396000147	335.101999998
310.26699996	334.218000174
311.181999922	333.244000196
312.529000044	331.947999954
312.542000055	331.957999945
314.765000105	333.850999832
314.779000044	117.23415231
314.913000107	229.701141955
316.269999981	332.380000114
316.360000134	332.268999815
317.190000057	331.437000036
317.65199995	330.979000092
317.753999949	336.220000029
318.18900013	331.45299983
319.342000008	330.309000015
320.154000044	333.821000099
320.157000065	339.371999979
320.554000139	338.975999832
320.559000015	118.434484436
320.569000006	226.181470755
321.510999918	338.067000151
321.838999987	337.739000082
322.565000057	337.014999866
323.773999929	335.805000067
324.138000011	335.483999968
324.141000032	335.627000093
325.203000069	222.830856608
325.755000114	237.147977893
326.176000118	333.454999924
326.40899992	333.271000147
326.73300004	332.894999981
327.618999958	332.058000088
327.621999979	332.14199996
329.210000038	218.845957766
329.73300004	219.139296569
329.996999979	329.739000082
330.046999931	329.69900012
330.09800005	230.539205809
330.114000082	329.645999908
330.845999956	328.921000004
331.049999952	328.719000101
331.623000145	328.148000002
332.404999971	327.684999943
332.921000004	327.173000097
333.338999987	326.798000097
333.502000093	326.638000011
333.874000072	326.267999887
335.513999939	324.673000097
337.098999977	323.138999939
337.446000099	322.743000031
338.351000071	322.072000027
339.213999987	112.460476252
339.301000118	321.004999876
339.429000139	112.025773119
339.791000128	320.621999979
340.332000017	22.4518972202
340.344000101	111.34700754
341.006000042	319.410000086
341.377000093	318.930999994
343.00999999	111.356798133
343.013999939	317.403000116
343.018000126	44.5400883976
343.082000017	317.325000048
343.427999973	316.930999994
343.854000092	316.500999928
344.746000051	315.671999931
345.23300004	44.0720735148
346.19900012	314.042999983
346.575000048	313.845999956
346.674000025	313.684000015
346.684000015	313.74000001
346.829999924	313.58100009
347.588999987	312.848999977
347.753999949	312.685000181
348.552000046	311.888000011
348.86500001	311.572999954
348.870000124	311.605000019
349.177999973	311.259000063
349.694000006	43.3559642958
350.015000105	310.404999971
350.023999929	310.457000017
350.862999916	215.877706076
351.396000147	309.087999821
351.835999966	308.648000002
351.838000059	308.645999908
352.703000069	307.780999899
353.052999973	307.430999994
353.651000023	21.5839310636
354.446000099	306.037999868
354.447000027	306.124000072
354.571000099	306.07799983
354.585999966	204.522394554
355.839999914	304.908000231
355.900000095	304.796000004
356.042999983	304.69900012
356.105000019	304.546000004
357.578000069	303.171999931
358.834000111	301.924999952
358.84100008	301.917000055
359.686000109	301.070999861
360.09800005	196.881811104
361.079999924	299.680000067
361.118999958	300.271000147
361.292999983	299.46600008
362.720999956	298.032999992
364.726999998	296.355000019
364.760999918	194.56396559
365.306999922	296.090000153
365.930999994	295.148000002
365.992000103	295.404999971
367.582999945	293.812000036
369.246999979	202.484391842
370.368000031	291.030999899
370.380000114	291.023000002
370.436000109	290.963999987
371.156000137	290.244999886
371.503999949	289.898000002
372.44900012	288.95299983
372.937000036	200.909836435
375.904000044	285.802999973
376.657999992	285.052999973
376.694000006	285.023000002
376.694999933	285.022000074
377.499000072	284.220999956
378.388000011	283.332000017
380.032999992	281.687000036
380.038000107	98.4716578881
380.059999943	281.660000086
380.48300004	281.236999989
380.529999971	281.190999985
380.857000113	280.863999844
381.170000076	280.55099988
382.475000143	279.296000004
383.263999939	19.5981056221
383.631000042	278.09100008
384.141000032	277.58100009
384.904000044	19.3750746054
385.490999937	276.279000044
386.015000105	275.754999876
386.022000074	192.711678569
387.348999977	274.423000097
389.031000137	272.787999868
389.184000015	272.585999966
389.187999964	272.582000017
390.019999981	271.751000166
390.263000011	271.509000063
390.302999973	37.9941159427
390.96600008	270.805999994
391.33100009	270.491999865
391.335000038	270.490999937
393.075000048	268.697999954
393.40199995	268.436000109
393.914000034	267.921000004
394.049000025	267.788000107
394.624000072	267.213999987
394.696000099	267.141000032
394.765000105	186.147604088
394.919000149	266.912999868
396.196000099	265.642999887
397.903000116	263.934999943
399.278000116	91.6373735873
399.437000036	262.404999971
399.693000078	262.148000002
400.921999931	260.919000149
401.180999994	260.661999941
401.187999964	260.657000065
401.901000023	259.944999933
402.683000088	259.162999868
403.727999926	180.317206215
403.739000082	258.106999874
403.742000103	258.103999853
403.878000021	17.9422243994
403.962000132	257.883999825
404.319000006	257.529000044
404.322999954	257.871999979
404.328999996	257.914000034
406.24000001	256.0
406.690999985	255.552999973
406.746000051	255.494999886
406.861999989	255.380000114
407.896000147	254.345999956
408.213999987	254.028000116
408.273000002	253.910000086
408.666000128	166.594401648
409.322999954	252.923000097
411.470999956	250.719000101
412.344000101	167.477472802
413.181999922	249.061000109
413.88499999	248.361000061
414.510999918	247.73300004
414.542000055	247.703000069
414.714999914	247.533000231
415.176000118	247.527999878
416.490999937	246.218000174
416.933000088	245.779000044
417.105999947	245.607000113
417.305000067	245.411000013
418.795000076	244.286999941
419.235000134	243.849999905
419.240999937	243.843000174
419.587000132	243.842999935
421.105999947	242.325000048
423.893000126	239.537999868
423.903000116	239.500999928
424.134000063	239.296000004
424.378000021	239.045000076
425.523999929	237.888000011
425.887000084	237.532000065
425.960999966	237.463000059
426.404999971	237.019999981
426.40899992	237.016000032
427.926000118	32.7880236944
428.276000023	235.148999929
429.34100008	234.089999914
429.633000135	32.7817646045
429.646000147	233.784999847
429.967000008	32.7143063457
429.967999935	233.463999987
430.788000107	232.642999887
430.875	232.556999922
430.878000021	155.479322364
430.880000114	232.55099988
431.227999926	232.19900012
431.670000076	80.3757286726
432.223999977	231.207000017
432.299999952	231.131999969
432.304000139	231.127999783
432.694000006	153.784275253
432.69900012	32.2783674431
435.687000036	227.744999886
435.714999914	227.717000008
436.121999979	227.312000036
436.125	227.312000036
436.131000042	79.3607634492
436.604000092	15.9147837323
436.94900012	226.488999844
436.967000008	226.470999956
437.115999937	226.319000006
437.545000076	15.8583496544
437.621999979	225.817000151
438.012000084	225.428999901
438.637000084	224.802999973
439.459000111	223.983999968
439.861000061	223.582999945
439.861999989	31.481490619
439.861999989	31.3502056369
439.90199995	223.538000107
439.904000044	223.537999868
440.605000019	222.836999893
441.472000122	147.402341161
441.479000092	222.589999914
441.910000086	221.532999992
441.911000013	222.161999941
441.911999941	31.3548131164
442.255000114	221.822999954
442.434000015	221.010999918
442.827000141	220.618999958
442.838999987	220.607000113
444.871000051	219.207999945
445.164000034	152.363926001
445.624000072	218.125
445.901000023	217.855000019
446.73300004	217.345000029
447.416000128	216.662999868
447.608999968	216.467000008
447.618000031	216.464999914
448.68900013	150.20272249
449.377000093	214.701999903
449.400000095	215.631999969
449.427000046	214.652999878
449.430999994	214.650000095
449.944000006	214.957999945
450.164000034	216.232000113
451.450999975	214.94900012
452.476000071	214.562999964
452.650000095	214.394000053
453.105000019	214.940999985
453.114000082	214.599999905
453.115999937	213.925000191
453.684000015	217.816999912
453.687999964	224.338999987
454.510999918	149.783370075
454.789999962	150.671106191
456.054000139	222.69299984
456.305999994	221.975000143
456.618999958	222.126000166
456.707000017	221.753999949
456.914000034	221.214999914
457.0	31.7274830684
457.00999999	221.02699995
457.187999964	221.194000006
457.410000086	221.023000002
458.555000067	221.86500001
458.717999935	220.71600008
459.664999962	220.749000072
460.302999973	220.114000082
460.305000067	220.490999937
460.381000042	220.039999962
460.584000111	31.8317857478
460.920000076	220.315999985
461.036999941	219.825000048
461.914999962	219.656000137
462.062999964	218.781000137
462.427999973	218.799999952
463.029999971	16.1803720946
463.031000137	218.200999975
463.528000116	217.708999872
464.062999964	218.205000162
464.417999983	218.822000027
465.079999924	216.157999992
466.226000071	215.342000008
467.157999992	214.411999941
467.454999924	215.787000179
468.154000044	31.1779971166
468.167999983	215.069000006
468.680000067	225.070999861
469.447000027	225.288000107
469.852999926	212.766000032
469.857000113	75.3925989427
470.999000072	223.095000029
471.012000084	222.746999979
471.694000006	78.301628366
472.160000086	222.576999903
472.644000053	222.088999987
473.058000088	221.677999973
474.601999998	220.137000084
475.358999968	218.736000061
475.837000132	218.25999999
477.164999962	215.529999971
477.339999914	216.758000135
478.473999977	218.546000004
479.161999941	214.930000067
479.717999935	215.060000181
480.042999983	214.996999979
480.186000109	214.55099988
480.930999994	213.808000088
480.93900013	212.81799984
481.276000023	145.559172873
481.759000063	212.976999998
482.694999933	147.076143743
484.509000063	210.22300005
484.513999939	212.715000153
484.529999971	210.262000084
484.539000034	212.292000055
484.680999994	212.059000015
485.259000063	210.937999964
485.743000031	210.135999918
485.84800005	211.088000059
485.852999926	210.357000113
486.27699995	209.950999975
486.282000065	209.997999907
487.681999922	208.851000071
489.15899992	144.227460102
489.164000034	207.500999928
490.09100008	206.312999964
490.095000029	206.401000023
490.252000093	206.110999823
490.855000019	206.04399991
491.539999962	204.881999969
492.480000019	203.921999931
492.927999973	203.470000029
494.640000105	203.70299983
496.266000032	200.486999989
496.427000046	199.599999905
496.430999994	200.585999966
496.594000101	199.971999884
497.707999945	198.988000154
497.779000044	198.523999929
498.710999966	198.139000177
498.992000103	197.487999916
500.953999996	14.7290014063
501.100000143	195.619999886
501.595999956	194.857000113
501.643000126	132.12347311
502.588000059	193.968999863
502.921999931	130.568035729
503.795000076	192.945999861
504.197000027	192.428999901
504.750999928	192.042000055
506.667000055	189.809000015
506.671999931	189.460000038
506.674999952	190.092000008
506.677000046	189.532999992
506.713000059	190.25
507.026000023	189.898000002
507.230000019	189.789000034
507.316999912	189.106000185
507.59800005	188.878000021
